Confusion Matrix
================

[[ 90   0   1   2   0   0   2   1   0   0   0   0]
 [  0  93   0   2   0   0   0   0   0   0   0   0]
 [  0   0  53   1   0   1   5   0   0   0   0   1]
 [  0   0   0  75   1   0   1   2   0   0   0   2]
 [  0   1   0   0 113   0   0   0   0   1   1   0]
 [  0   1   3   0   0  62   4   0   1   0   0   1]
 [  1   0   2   0   0   0  80   2   0   0   0   3]
 [  0   0   0   4   1   0   1 102   2   2   2   0]
 [  1   1   3   1   4   0   7   0  55   0   2  12]
 [  0   1   0   0   1   0   0   0   0  88   1   0]
 [  0   1   0   0   1   0   0   0   1   0  49   0]
 [  0   0   0   0   0   0   1   0   5   0   1  65]]